Ruta de la Imagen,Descripcion,Resolucion,Tamaño,Tipo,Lista de Tags,Ultimo Perfil que Actualizo,Fecha de Ultima Actualizacion
imagenes/animal_1.png,un gatito lindo,71 x 64,4.276,image/png,"['GATO', 'LINDO', 'NEKO', 'OWO']",leyenda123,1087816422
imagenes/animal_2.png,un perrito guau guau,88 x 64,8.975,image/png,"['PERRO', 'GUAU', 'PICHICHO']",leyenda123,1607806422
imagenes/animal_9.png,el rey leon de la selva,71 x 64,7.214,image/png,"['LEON', 'REY', 'SIMBA', 'GATO']",epicmari,1607816422
imagenes/meme_2.png,spiderman contra si mismo,462 x 260,201.442,image/png,"['HOMBRE', 'ARAÑA', 'SPIDERMAN']",pip,1680810422
imagenes/meme_8.png,un mono asustado por algo que vio,384 x 295,184.868,image/png,"['MONO', 'MIEDO', 'TURBIO']",pip,1680816422
imagenes/meme_9.png,los dos lados de fernanfloo,408 x 374,252.501,image/png,"['FERNANFLOO', 'FERNAN', 'FACHA']",Xx_EPiK_xX,1687000422
imagenes/animal_6.png,un tigre lindo,71 x 64,8.275,image/png,"['TIGRE', 'MICHI', 'GRANDE', 'GATO']",epicmari,1687800022
imagenes/meme_6.png,harold escondiendo su dolor,360 x 303,178.911,image/png,"['HAROLD', 'DOLOR', 'ESCONDER']",epicmari,1687810022
imagenes/meme_1.png,doge fuerte contra cheems debil,450 x 346,81.765,image/png,"['DOGE', 'CHEEMS', 'FUERTE', 'DEBIL', 'PERRO']",epicmari,1687810422
imagenes/meme_4.png,las matematicas de mis pesadillas,500 x 327,256.108,image/png,"['MATEMATICA', 'MIEDO', 'PESADILLA']",epicmari,1687816022
imagenes/meme_5.png,mi cerebro,432 x 421,184.494,image/png,"['CEREBRO', 'GALAXIA', 'GRANDE']",pepegamer,1687816402
imagenes/meme_3.png,mr increible asustado,440 x 319,77.847,image/png,"['MR', 'INCREIBLE', 'MIEDO']",pepegamer,1687816420
